world: 2172e26f-4495-442c-8bbb-7f9a8232c474
world-name: world
x: 174.65206004679948
y: 244.0
z: 903.6989179149626
yaw: -91.510498046875
pitch: -4.650060176849365
name: crate
lastowner: ff36cd86-c2b2-34d2-b90e-1db99bebf084
