world: 2172e26f-4495-442c-8bbb-7f9a8232c474
world-name: world
x: 146.9999137658409
y: 238.0
z: 903.5796139972186
yaw: 91.19505310058594
pitch: -8.100032806396484
name: leaderboard
lastowner: ff36cd86-c2b2-34d2-b90e-1db99bebf084
