world: 2172e26f-4495-442c-8bbb-7f9a8232c474
world-name: world
x: 146.9731567546281
y: 238.0
z: 903.9408310991226
yaw: 94.64497375488281
pitch: -4.64999532699585
name: leaderbord
lastowner: ff36cd86-c2b2-34d2-b90e-1db99bebf084
