world: 2172e26f-4495-442c-8bbb-7f9a8232c474
world-name: world
x: 146.4907394620808
y: 238.0
z: 903.2507235590283
yaw: 87.5894775390625
pitch: -3.150045394897461
name: lederboard
lastowner: ff36cd86-c2b2-34d2-b90e-1db99bebf084
